4922,32,1
6976,74,1
7085,74,0
7256,32,0
8400,32,1
8539,32,0
8787,32,1
8896,32,0
8973,32,1
10986,74,1
11125,74,0
11310,32,0
11960,75,1
12099,75,0
12901,32,1
15064,74,1
15202,74,0
15356,32,0
16007,32,1
16145,32,0
16470,32,1
16640,32,0
16998,32,1
19035,74,1
19189,74,0
19405,32,0
20009,75,1
20163,75,0
21026,32,1
23081,74,1
23189,74,0
23345,32,0
25089,32,1
26048,75,1
26296,75,0
27038,75,1
27179,75,0
27396,32,0
28000,32,1
28403,32,0
29006,32,1
30074,74,1
30213,74,0
31063,74,1
31202,74,0
31465,32,0
32023,32,1
32319,32,0
33137,32,1
34095,75,1
34234,75,0
35039,75,1
35225,75,0
35659,32,0
37067,32,1
38133,74,1
38272,74,0
39090,74,1
39230,74,0
39493,32,0
40049,32,1
40344,32,0
41070,74,1
41178,74,0
41441,32,1
41548,32,0
41610,32,1
41780,32,0
42027,75,1
42058,74,1
42105,74,0
42212,75,0
42537,32,1
42692,32,0
43078,75,1
43155,74,1
43309,74,0
43309,75,0
43603,32,1
43789,32,0
45071,74,1
45102,75,1
45179,74,0
45210,75,0
45380,32,1
45488,32,0
45534,32,1
45673,32,0
46014,74,1
46045,75,1
46153,74,0
46200,75,0
46525,32,1
46664,32,0
47004,74,1
47004,75,1
47158,74,0
47189,75,0
47576,32,1
47715,32,0
49092,74,1
49138,75,1
49200,74,0
49247,75,0
49431,32,1
49539,32,0
49601,32,1
49740,32,0
49987,74,1
50018,75,1
50126,74,0
50126,75,0
50544,32,1
50698,32,0
51055,74,1
51086,75,1
51210,74,0
51241,75,0
51565,32,1
51735,32,0
53019,74,1
53065,75,1
53143,74,0
53174,75,0
53406,32,1
53514,32,0
53560,32,1
53714,32,0
54008,74,1
54053,75,1
54116,74,0
54116,75,0
54564,32,1
54702,32,0
55012,74,1
55043,75,1
55073,74,0
55073,75,0
55089,32,1
55243,74,1
55243,75,1
55274,32,0
55305,74,0
55305,75,0
55460,32,1
55506,74,1
55506,75,1
55583,74,0
55583,32,0
55614,75,0
55707,32,1
55893,32,0
56078,32,1
58492,32,0
58507,74,1
58616,74,0
58692,74,1
58801,74,0
58878,74,1
58940,74,0
59034,74,1
59142,74,0
59188,74,1
59297,74,0
59590,74,1
59636,75,1
59745,74,0
59745,75,0
60099,32,1
60316,32,0
61134,74,1
61166,75,1
61243,74,0
61243,75,0
61567,74,1
61598,75,1
61707,74,0
61753,75,0
62063,32,1
62435,32,0
63116,74,1
63255,74,0
63579,74,1
63717,74,0
64024,32,1
64240,32,0
64487,74,1
64533,75,1
64641,74,0
64672,75,0
65550,74,1
65581,75,1
65689,74,0
65705,75,0
66060,32,1
66292,32,0
66553,74,1
66600,75,1
66708,74,0
66739,75,0
67063,32,1
67310,32,0
67573,74,1
67604,75,1
67728,74,0
67728,75,0
68067,74,1
68113,75,1
68221,74,0
68221,75,0
68561,74,1
68591,75,1
68699,74,0
68699,75,0
69053,32,1
69317,32,0
69548,75,1
69703,75,0
70090,74,1
70198,74,0
70569,74,1
70677,74,0
71079,32,1
73198,74,1
73198,32,0
73306,74,0
73383,74,1
73521,74,0
73737,74,1
73892,74,0
74108,75,1
74216,75,0
74433,75,1
74572,75,0
74789,75,1
74897,75,0
75083,32,1
76103,74,1
76212,74,0
76367,32,0
76552,75,1
76706,75,0
77094,32,1
78052,75,1
78222,75,0
78669,74,1
78669,32,0
78700,75,1
78807,74,0
78822,75,0
78885,74,1
78915,75,1
78993,74,0
79023,75,0
79148,32,1
80059,74,1
80059,75,1
80167,74,0
80213,75,0
80245,32,0
80538,74,1
80568,75,1
80645,74,0
80645,75,0
81062,32,1
82268,32,0
82593,74,1
82593,75,1
82717,74,0
82748,75,0
83090,32,1
83909,74,1
83909,75,1
84048,74,0
84048,75,0
84202,74,1
84202,75,1
84202,32,0
84263,74,0
84310,75,0
84387,75,1
84418,74,1
84496,74,0
84496,75,0
84557,32,1
84850,32,0
85096,32,1
85545,74,1
85545,75,1
85576,74,0
85655,75,0
85949,75,1
86118,75,0
86520,74,1
86675,74,0
86892,32,0
87077,32,1
88036,75,1
88207,75,0
89244,32,0
90063,32,1
90217,32,0
90372,32,1
90527,32,0
90713,32,1
91069,32,0
106213,74,1
106351,74,0
106475,74,1
106505,75,1
106614,74,0
106614,75,0
106660,74,1
106737,74,0
106753,75,1
106799,74,1
106861,74,0
106861,75,0
106907,75,1
106954,74,1
107031,74,0
107031,75,0
107062,75,1
107093,74,1
107170,74,0
107170,75,0
108108,74,1
108154,75,1
108262,74,0
108262,75,0
108817,74,1
108863,75,1
108925,74,0
108925,75,0
109311,32,1
109495,32,0
109573,32,1
109742,32,0
110067,74,1
110098,75,1
110206,74,0
110206,75,0
110206,32,1
110284,32,0
110563,74,1
110610,75,1
110610,32,1
110687,74,0
110718,75,0
110749,32,0
112154,74,1
112186,75,1
112263,74,0
112263,75,0
112865,74,1
112896,75,1
113019,74,0
113019,75,0
113081,32,1
113296,32,0
114099,74,1
114130,75,1
114207,74,0
114238,75,0
114501,74,1
114532,75,1
114641,74,0
114641,75,0
114687,32,1
114872,32,0
116095,74,1
116095,75,1
116202,74,0
116233,75,0
116819,74,1
116819,75,1
116959,75,0
116975,74,0
117036,32,1
117221,32,0
118133,74,1
118133,75,1
118241,74,0
118272,75,0
118565,74,1
118596,75,1
118705,74,0
118705,75,0
119877,74,1
119908,75,1
119985,74,0
120016,75,0
120093,32,1
120248,32,0
120341,32,1
122490,32,0
123093,74,1
123125,75,1
123202,74,0
123248,75,0
127054,74,1
127054,75,1
127054,32,1
127209,74,0
127209,75,0
127239,32,0
128491,32,1
128676,32,0
128723,74,1
128770,75,1
128847,74,0
128847,75,0
128895,74,1
128925,75,1
129003,74,0
129003,75,0
129080,32,1
129251,32,0
131042,32,1
131211,32,0
132477,32,1
132648,32,0
132801,74,1
132801,75,1
132910,74,0
132910,75,0
132940,75,1
132986,74,1
133048,75,0
133063,74,0
133110,32,1
133265,32,0
134843,32,1
135029,32,0
135138,32,1
135292,32,0
136541,32,1
136681,32,0
136773,74,1
136819,75,1
136850,74,0
136850,75,0
136912,75,1
136943,74,1
137020,74,0
137020,75,0
137097,32,1
137251,32,0
139058,32,1
139243,32,0
140558,32,1
140697,32,0
140775,74,1
140775,75,1
140882,74,0
140882,75,0
140913,75,1
140959,74,1
141022,74,0
141068,75,0
141083,32,1
141238,32,0
143124,74,1
143124,75,1
143232,74,0
143232,75,0
143603,74,1
143634,75,1
143711,74,0
143711,75,0
144067,74,1
144067,75,1
144176,74,0
144207,75,0
144532,74,1
144563,75,1
144639,74,0
144670,75,0
145117,32,1
145551,74,1
145659,74,0
146061,75,1
146169,75,0
146355,32,0
147511,74,1
147541,75,1
147650,74,0
147650,75,0
148052,74,1
148083,75,1
148191,74,0
148191,75,0
148546,74,1
148577,75,1
148701,74,0
148701,75,0
149087,32,1
149535,74,1
149565,75,1
149674,74,0
149689,75,0
150123,74,1
150123,75,1
150231,74,0
150262,75,0
150417,32,0
151127,74,1
151158,75,1
151265,74,0
151312,75,0
152022,32,1
152870,74,1
152870,75,1
152978,74,0
153010,75,0
153056,32,0
153133,32,1
154047,75,1
154201,75,0
155067,74,1
155221,74,0
155468,32,0
155577,74,1
155607,75,1
155716,74,0
155731,75,0
156041,32,1
156413,32,0
157558,74,1
157558,75,1
157697,74,0
157742,75,0
158112,74,1
158143,75,1
158252,74,0
158267,75,0
159026,32,1
159428,32,0
160109,75,1
160233,75,0
160341,75,1
160480,75,0
161068,32,1
161716,32,0
162135,75,1
162181,74,1
162242,75,0
162258,74,0
162382,75,1
162521,75,0
162598,74,1
162629,75,1
162707,74,0
162707,75,0
162845,75,1
162876,74,1
162952,74,0
162983,75,0
163076,74,1
163107,75,1
163153,74,0
163153,75,0
163246,74,1
163293,74,0
163293,75,1
163324,75,0
163355,75,1
163401,74,1
163463,74,0
163463,75,0
163618,74,1
163649,75,1
163726,74,0
163726,75,0
165070,74,1
165070,75,1
165223,74,0
165223,75,0
165578,74,1
165578,75,1
165716,75,0
165732,74,0
166056,74,1
166056,75,1
166164,74,0
166195,75,0
166566,32,1
166751,32,0
167630,75,1
167661,74,1
167785,74,0
167785,75,0
168109,75,1
168140,74,1
168217,74,0
168248,75,0
169083,32,1
169300,32,0
169486,32,1
169672,32,0
169748,32,1
169902,32,0
169948,32,1
170104,32,0
170119,74,1
170150,75,1
170273,74,0
170273,75,0
170352,75,1
170398,74,1
170477,74,0
170477,75,0
170616,74,1
170647,75,1
170725,74,0
170725,75,0
171033,75,1
171065,74,1
171143,74,0
171174,75,0
171561,32,1
171823,32,0
173105,75,1
173137,74,1
173215,74,0
173245,75,0
173585,32,1
173771,32,0
174097,74,1
174127,75,1
174205,74,0
174236,75,0
174576,32,1
174715,32,0
175039,32,1
177157,74,1
177266,32,0
177312,74,0
177373,74,1
177482,74,0
177745,74,1
177900,74,0
178177,75,1
178316,75,0
178378,75,1
178533,75,0
178750,75,1
178903,75,0
179553,74,1
179600,75,1
179709,74,0
179709,75,0
180048,74,1
180080,75,1
180188,74,0
180203,75,0
181133,74,1
181272,74,0
181611,74,1
181751,74,0
182153,75,1
182261,75,0
182632,32,1
182849,32,0
183576,74,1
183607,75,1
183715,74,0
183715,75,0
184056,74,1
184086,75,1
184195,74,0
184195,75,0
185010,32,1
185148,32,0
185412,32,1
185597,32,0
185812,32,1
185858,74,1
185858,75,1
185966,74,0
185966,75,0
185966,32,0
186136,32,1
186214,74,1
186214,75,1
186245,32,0
186323,75,0
186354,74,0
186385,32,1
187001,32,0
187048,74,1
187094,75,1
187156,74,0
187171,75,0
187264,32,1
187419,74,1
187419,75,1
187419,32,0
187481,74,0
187527,75,0
187620,75,1
187667,74,1
187728,74,0
187728,75,0
188023,32,1
188240,32,0
188563,74,1
188610,75,1
188718,74,0
188749,75,0
189073,74,1
189073,75,1
189182,74,0
189228,75,0
189536,74,1
189536,75,1
189643,74,0
189690,75,0
190615,74,1
190615,75,1
190723,74,0
190723,75,0
191094,32,1
193146,74,1
193146,75,1
193254,74,0
193285,75,0
193393,32,0
194026,32,1
194212,32,0
194443,32,1
194629,32,0
194768,32,1
195092,32,0
