5765,65,1
5873,65,0
6091,74,1
6200,74,0
6400,74,1
6525,74,0
6726,74,1
6850,74,0
7006,68,1
7099,68,0
7363,75,1
7472,75,0
7721,75,1
7830,75,0
8063,75,1
8172,75,0
8406,68,1
8484,68,0
8809,74,1
8917,74,0
9135,74,1
9259,74,0
9429,74,1
9584,74,0
9691,65,1
9814,65,0
10046,32,1
10154,32,0
10433,32,1
10511,32,0
11067,74,1
11114,65,1
11114,74,0
11254,65,0
11519,74,1
11612,74,0
11798,74,1
11938,74,0
12110,74,1
12250,74,0
12390,68,1
12483,68,0
12747,75,1
12856,75,0
13075,75,1
13183,75,0
13477,74,1
13569,74,0
13756,74,1
13896,74,0
14128,32,1
14237,32,0
14423,32,1
14562,32,0
14765,32,1
14858,32,0
15029,32,1
16177,32,0
16426,74,1
16534,74,0
16721,74,1
16845,74,0
17078,74,1
17202,74,0
17403,68,1
17495,68,0
17743,75,1
17852,75,0
18070,75,1
18194,75,0
18396,75,1
18535,75,0
18752,65,1
18860,65,0
19124,74,1
19232,74,0
19433,74,1
19556,74,0
19758,32,1
19851,32,0
20084,32,1
20193,32,0
20364,68,1
20427,74,1
20442,68,0
20535,74,0
20783,68,1
20877,68,0
21700,74,1
21871,74,0
22119,74,1
22242,74,0
22382,74,1
22521,74,0
22737,65,1
22846,65,0
23156,75,1
23280,75,0
23436,75,1
23575,75,0
23807,75,1
23946,75,0
24100,75,1
24224,75,0
24442,32,1
26564,32,0
37735,74,1
37843,74,0
38123,74,1
38231,74,0
38463,74,1
38587,74,0
38759,74,1
38898,74,0
39085,75,1
39177,75,0
39426,75,1
39534,75,0
39815,75,1
39938,75,0
40094,75,1
40250,75,0
40420,65,1
40529,65,0
40792,74,1
40900,74,0
41118,74,1
41242,74,0
41476,74,1
41584,74,0
41756,75,1
41895,75,0
42097,75,1
42221,75,0
42454,75,1
42579,75,0
42782,75,1
42890,75,0
43123,68,1
43216,68,0
43450,74,1
43558,74,0
43790,74,1
43900,74,0
44117,74,1
44226,74,0
44412,68,1
44489,68,0
44753,74,1
44815,74,0
44846,75,1
44969,75,0
45140,75,1
45249,75,0
45467,75,1
45591,75,0
45761,32,1
46368,32,0
46446,32,1
47222,32,0
47424,65,1
47532,65,0
48044,32,1
48138,32,0
48835,75,1
48927,75,0
49037,75,1
49160,75,0
49284,74,1
49377,74,0
49626,74,1
49781,74,0
50014,74,1
50107,74,0
50216,74,1
50309,74,0
50387,74,1
50449,74,0
50558,32,1
51224,32,0
51409,75,1
51534,75,0
51612,75,1
51734,75,0
51888,74,1
52060,74,0
52294,74,1
52402,74,0
52666,75,1
52790,75,0
52898,75,1
52991,75,0
53084,75,1
53146,75,0
53424,32,1
53906,32,0
54200,74,1
54324,74,0
54416,74,1
54494,74,0
54632,75,1
54802,75,0
54973,75,1
55097,75,0
55313,74,1
55436,74,0
55530,74,1
55639,74,0
55701,74,1
55809,74,0
55903,32,1
56367,32,0
56537,32,1
57081,32,0
57298,32,1
57702,32,0
57934,32,1
58462,32,0
58709,32,1
59282,32,0
59513,74,1
59638,74,0
59731,74,1
59840,74,0
59918,75,1
60011,75,0
60182,75,1
60307,75,0
60587,74,1
60680,74,0
60851,74,1
60960,74,0
61022,74,1
61100,74,0
61240,32,1
61957,32,0
62081,75,1
62206,75,0
62330,75,1
62486,75,0
62625,74,1
62717,74,0
62979,74,1
63088,74,0
63289,75,1
63413,75,0
63553,75,1
63676,75,0
63754,75,1
63847,75,0
64002,32,1
64484,32,0
64826,74,1
64967,74,0
65029,74,1
65138,74,0
65263,75,1
65418,75,0
65527,75,1
65727,75,0
65989,74,1
66097,74,0
66143,74,1
66220,74,0
66328,74,1
66452,74,0
66544,32,1
66993,32,0
67286,32,1
67766,32,0
67919,32,1
68381,32,0
68567,32,1
69093,32,0
69372,32,1
70004,32,0
70128,74,1
70237,74,0
70360,65,1
70483,65,0
70747,75,1
70856,75,0
71087,75,1
71211,75,0
71427,75,1
71566,75,0
71767,75,1
71907,75,0
72077,68,1
72170,68,0
72466,74,1
72589,74,0
72822,74,1
72946,74,0
73101,74,1
73225,74,0
73412,68,1
73521,68,0
73786,75,1
73895,75,0
74112,75,1
74206,75,0
74408,74,1
74501,74,0
74626,65,1
74719,65,0
74781,32,1
75324,32,0
75479,32,1
75573,32,0
75836,74,1
75944,74,0
76067,74,1
76130,65,1
76161,74,0
76270,65,0
76763,75,1
76872,75,0
77057,75,1
77213,75,0
77461,75,1
77570,75,0
77772,68,1
77866,68,0
78130,74,1
78254,74,0
78457,74,1
78581,74,0
78767,74,1
78829,74,0
79061,68,1
79169,68,0
79401,75,1
79509,75,0
79741,74,1
79849,74,0
79864,65,1
79972,65,0
80173,32,1
80405,32,0
80482,32,1
80700,32,0
80731,74,1
80887,74,0
81089,32,1
81680,32,0
81789,32,1
82238,32,0
82440,32,1
83000,32,0
83093,68,1
83218,68,0
83388,65,1
83528,65,0
83697,65,1
83744,65,0
84129,68,1
84221,68,0
84407,32,1
85237,32,0
85300,65,1
85408,65,0
85751,32,1
86650,32,0
87024,74,1
87163,74,0
87366,74,1
87504,74,0
87721,74,1
87860,74,0
88386,74,1
88524,74,0
88816,74,1
88940,74,0
89109,74,1
89248,74,0
89433,74,1
89571,74,0
89724,32,1
90901,32,0
101763,32,1
102166,32,0
102414,32,1
102832,32,0
103081,32,1
103532,32,0
103765,32,1
104261,32,0
104370,68,1
104493,68,0
104725,65,1
104833,65,0
105080,65,1
105189,65,0
105467,68,1
105544,68,0
105715,32,1
106521,32,0
107111,32,1
107219,32,0
107748,32,1
107824,32,0
108429,74,1
108491,74,0
108785,74,1
108863,74,0
109079,74,1
109172,74,0
109806,74,1
109897,74,0
110114,74,1
110223,74,0
110424,74,1
110531,74,0
110762,74,1
110870,74,0
111087,32,1
112544,32,0
113400,32,1
113509,32,0
114131,74,1
114224,74,0
114396,74,1
114489,74,0
114598,75,1
114738,75,0
114970,75,1
115109,75,0
115280,74,1
115404,74,0
115558,74,1
115636,74,0
115713,74,1
115806,74,0
115946,32,1
116503,32,0
116798,75,1
116907,75,0
116999,75,1
117123,75,0
117309,74,1
117433,74,0
117634,74,1
117759,74,0
117977,75,1
118086,75,0
118194,75,1
118287,75,0
118380,75,1
118396,75,0
118674,32,1
119184,32,0
119462,74,1
119603,74,0
119664,74,1
119772,74,0
119927,75,1
120067,75,0
120253,75,1
120377,75,0
120700,74,1
120809,74,0
120918,74,1
121027,74,0
121261,32,1
121679,32,0
121976,32,1
122363,32,0
122503,32,1
123015,32,0
123169,32,1
123745,32,0
123993,32,1
124538,32,0
124862,74,1
124986,74,0
125032,74,1
125126,74,0
125281,75,1
125405,75,0
125622,75,1
125747,75,0
125963,74,1
126039,74,0
126194,74,1
126288,74,0
126350,74,1
126458,74,0
126536,32,1
127187,32,0
127390,75,1
127499,75,0
127591,75,1
127699,75,0
127885,74,1
127977,74,0
128257,74,1
128366,74,0
128553,75,1
128646,75,0
128785,75,1
128863,75,0
128940,75,1
128971,75,0
129389,32,1
129965,32,0
130136,74,1
130259,74,0
130399,74,1
130491,74,0
130631,75,1
130724,75,0
130893,75,1
131033,75,0
131236,74,1
131345,74,0
131453,74,1
131530,74,0
131623,74,1
131717,74,0
131888,32,1
132292,32,0
132557,32,1
132931,32,0
133180,32,1
133599,32,0
133879,32,1
134469,32,0
134901,32,1
135552,32,0
135800,32,1
135893,32,0
136204,32,1
136281,32,0
136499,32,1
136624,32,0
137370,32,1
137494,32,0
