3582,74,1
3691,74,0
4822,74,1
4931,74,0
5566,65,1
5705,65,0
5922,75,1
6031,75,0
7072,75,1
7196,75,0
7507,68,1
7615,68,0
8268,74,1
8361,74,0
9386,74,1
9449,74,0
10459,75,1
10553,75,0
11595,32,1
12511,32,0
12743,65,1
12836,65,0
13582,74,1
13690,74,0
14108,68,1
14200,68,0
14727,74,1
14805,74,0
14975,32,1
15207,32,0
15501,32,1
15594,32,0
16012,32,1
16868,32,0
17224,74,1
17318,74,0
17411,32,1
19087,32,0
19383,74,1
19475,74,0
19740,75,1
19849,75,0
19896,32,1
20688,74,1
20765,74,0
21309,74,1
21401,74,0
21773,32,0
23884,68,1
23962,68,0
24490,65,1
24600,65,0
25019,65,1
25129,65,0
25627,68,1
25720,68,0
26203,68,1
26311,68,0
26792,65,1
26885,65,0
27334,65,1
27442,65,0
27861,32,1
28466,68,1
28481,32,0
28575,68,0
29011,68,1
29120,68,0
29585,65,1
29694,65,0
30174,65,1
30282,65,0
30731,68,1
30855,68,0
31303,68,1
31428,68,0
31861,65,1
31969,65,0
32202,65,1
32341,65,0
32465,68,1
32559,68,0
32946,74,1
33055,74,0
33522,75,1
33615,75,0
34172,74,1
34265,74,0
34728,75,1
34820,75,0
35253,74,1
35362,74,0
35856,75,1
35934,75,0
36399,32,1
36493,32,0
36881,32,1
36989,32,0
38122,75,1
38215,75,0
38682,74,1
38775,74,0
39270,74,1
39362,74,0
39811,75,1
39920,75,0
40384,74,1
40508,74,0
40925,75,1
41032,75,0
41981,74,1
42059,74,0
42494,75,1
42603,75,0
43100,74,1
43224,74,0
43628,75,1
43737,75,0
44265,74,1
44359,74,0
44764,75,1
44872,75,0
45306,32,1
45944,74,1
46022,74,0
46737,32,0
47093,75,1
47201,75,0
47634,74,1
47743,74,0
48178,74,1
48318,74,0
48722,32,1
49340,74,1
49464,74,0
50130,32,0
51107,74,1
51153,74,0
51694,75,1
51787,75,0
52222,74,1
52330,74,0
52703,75,1
52812,75,0
53324,74,1
53386,74,0
53853,75,1
53915,75,0
54427,32,1
54999,74,1
55093,74,0
55712,32,0
56146,75,1
56239,75,0
56719,74,1
56796,74,0
57293,74,1
57355,74,0
57386,75,1
57479,75,0
57790,32,1
59095,32,0
64606,74,1
64700,74,0
64808,32,1
65103,74,1
65212,74,0
65647,74,1
65741,74,0
66270,74,1
66395,74,0
66597,32,0
67155,74,1
67186,32,1
67248,74,0
67946,75,1
68039,75,0
68518,75,1
68626,75,0
69028,32,0
69634,74,1
69742,74,0
70858,75,1
70951,75,0
71324,32,1
71896,74,1
72003,74,0
72484,74,1
72593,74,0
73056,75,1
73148,75,0
73612,74,1
73689,74,0
73782,32,0
73970,32,1
74016,74,1
74312,74,0
74793,74,1
74840,74,0
74870,75,1
74979,75,0
75352,74,1
75445,74,0
75723,32,0
75847,74,1
75970,74,0
76032,32,1
76295,32,0
76326,32,1
76511,32,0
76558,32,1
77039,74,1
77132,74,0
77549,75,1
77641,75,0
77703,32,0
77921,32,1
78651,74,1
78790,74,0
79257,74,1
79380,74,0
79799,75,1
79908,75,0
80109,32,0
80419,32,1
80542,32,0
80900,32,1
81224,32,0
91052,32,1
91192,32,0
91518,32,1
91626,32,0
92418,68,1
92511,68,0
92993,65,1
93071,65,0
93552,65,1
93678,65,0
94130,68,1
94238,68,0
94689,68,1
94797,68,0
95233,65,1
95358,65,0
95824,32,1
95918,32,0
96120,74,1
96198,74,0
96955,74,1
97033,74,0
97526,75,1
97620,75,0
98133,74,1
98210,74,0
98629,75,1
98721,75,0
99264,74,1
99357,74,0
99480,32,1
100285,74,1
100379,74,0
100441,32,0
100580,65,1
100704,65,0
101184,74,1
101277,74,0
101635,68,1
101775,68,0
102258,75,1
102320,75,0
102832,68,1
102925,68,0
103436,74,1
103499,74,0
103978,65,1
104071,65,0
104491,75,1
104615,75,0
105065,68,1
105189,68,0
105699,65,1
105791,65,0
106227,65,1
106319,65,0
106784,68,1
106893,68,0
107326,32,1
107823,74,1
107900,74,0
108412,74,1
108504,74,0
108971,74,1
109080,74,0
109638,74,1
109731,74,0
109886,32,0
111812,32,1
112632,74,1
112710,74,0
112803,32,0
112911,32,1
113702,74,1
113795,74,0
113842,32,0
114075,74,1
114200,74,0
114418,75,1
114557,75,0
114713,74,1
114838,74,0
115365,74,1
115427,74,0
115427,75,1
115551,75,0
115706,74,1
115799,74,0
116048,75,1
116156,75,0
116560,32,1
117320,32,0
117428,32,1
117910,32,0
118019,32,1
118236,32,0
118282,74,1
118391,74,0
118562,32,1
118671,32,0
118733,32,1
120288,74,1
120411,74,0
120599,32,0
120862,32,1
121358,32,0
121451,32,1
121731,32,0
121809,32,1
122815,32,0
123110,75,1
123219,75,0
123469,74,1
123578,74,0
123702,74,1
123826,74,0
124416,75,1
124525,75,0
124759,74,1
124883,74,0
125503,32,1
125922,32,0
125984,32,1
126200,32,0
126293,32,1
127332,32,0
127580,32,1
127983,75,1
128107,75,0
128310,32,0
128388,32,1
128699,32,0
128791,32,1
129598,74,1
129690,74,0
129768,32,0
129861,32,1
130264,32,0
132108,32,1
132586,32,0
132694,32,1
133067,32,0
133130,32,1
133720,32,0
133861,74,1
133954,74,0
134156,74,1
134281,74,0
134436,32,1
134916,32,0
135040,32,1
135398,32,0
135475,32,1
136108,32,0
136201,32,1
136573,32,0
136635,32,1
136977,32,0
137101,32,1
137225,32,0
137303,32,1
137707,32,0
137785,32,1
138330,74,1
138423,74,0
138485,32,0
138547,75,1
138701,75,0
138948,32,1
139228,32,0
139367,32,1
139723,32,0
139862,32,1
140328,32,0
141271,32,1
141611,32,0
141784,32,1
142125,32,0
142234,32,1
143290,32,0
143445,32,1
143834,32,0
143865,75,1
143959,75,0
144361,32,1
144919,74,1
145028,74,0
145183,32,0
145725,74,1
145787,32,1
145833,74,0
145833,32,0
146019,75,1
146097,32,1
146128,32,0
146143,75,0
146314,75,1
146438,75,0
146546,32,1
146655,32,0
146826,32,1
146950,32,0
147152,32,1
147245,32,0
147430,32,1
147523,32,0
147864,32,1
149690,32,0
150170,32,1
150294,32,0
150309,32,1
151272,32,0
152436,32,1
154158,32,0
154652,74,1
154776,74,0
155195,74,1
155335,74,0
155692,32,1
156964,74,1
157089,74,0
157306,32,0
